DENGUE - Notificações registradas no Sistema de Informação de Agravos de Notificação - São Paulo
Casos Prováveis por Class. Final e Semana epidem. 1º Sintomas(s)
Município de notificação: 355030 SAO PAULO
Class. Final: Dengue, Dengue com sinais de alarme, Dengue grave
Período:2024
"Class. Final";"Semana 01";"Semana 02";"Semana 03";"Semana 04";"Semana 05";"Semana 06";"Semana 07";"Semana 08";"Semana 09";"Semana 10";"Semana 11";"Semana 12";"Semana 13";"Semana 14";"Semana 15";"Semana 16";"Semana 17";"Semana 18";"Semana 19";"Semana 20";"Semana 21";"Semana 22";"Semana 23";"Semana 24";"Semana 25";"Semana 26";"Semana 27";"Total"
"Dengue";923;1254;1852;2867;3923;6045;9110;12141;15606;20713;26506;39843;40111;41599;49595;47738;42350;43762;46909;42671;31004;19095;10554;9398;7423;4088;844;577924
"Dengue com sinais de alarme";15;17;19;31;26;52;71;91;101;132;158;307;329;288;304;356;279;292;331;354;243;142;75;65;53;31;2;4164
"Dengue grave";6;3;2;2;13;8;6;9;18;30;37;26;33;35;51;39;27;36;48;37;23;24;8;5;4;1;1;532
"Total";944;1274;1873;2900;3962;6105;9187;12241;15725;20875;26701;40176;40473;41922;49950;48133;42656;44090;47288;43062;31270;19261;10637;9468;7480;4120;847;582620
 Fonte: Ministério da Saúde/SVSA - Sistema de Informação de Agravos de Notificação - Sinan Net
 Notas:
 
 Para os casos prováveis foram incluídas todas notificações, exceto casos descartados.
 As bases de dados de dengue aqui disponíveis compõem um banco único a partir de 2014, podendo haver pequenas divergências com os dados disponibilizados pelo CGARB
 (Coordenação Geral de Vigilância de Arboviroses - CGARB) em sua série histórica, que para tal, realiza análise ano a ano, com a base congelada para cada ano analisado.
 Para tabular os casos graves (classificação final igual a dengue com complicações, febre hemorrágica da dengue, síndrome do choque da dengue, dengue com sinais de
 alarme e dengue grave) é necessário considerar também o critério de confirmação (laboratorial e clínico-epidemiológico).
 A partir de 2020 o estado do Espírito Santo passou a utilizar o sistema e-SUS Vigilância em Saúde. Portanto, para os casos de Arboviroses urbanas do Espírito Santo
 foram considerados apenas os dados disponibilizados pelo Sinan online (dengue e chikungunya) e Sinan Net (zika).
 Períodos Disponíveis ou período - Correspondem aos anos de notificação dos casos e semana epidemiológica, em cada período pode apresentar notificações com data de
 notificação do ano anterior (semana epidemiológica 52 ou 53) e posterior (semana epidemiológica 01).
 Para cálculo da incidência recomenda-se utilizar locais de residência.
 Dados de 2014 atualizados em 13/07/2015.
 Dados de 2015 atualizados em 27/09/2016.
 Dados de 2016 atualizados em 06/07/2017.
 Dados de 2017 atualizados em 18/07/2018.
 Dados de 2018 atualizados em 01/10/2019.
 Dados de 2019 atualizados em 10/07/2020.
 Dados de 2020 atualizados em 23/07/2021.
 Dados de 2021 atualizados em 12/07/2022.
 Dados de 2022 atualizados em 18/07/2023.
 Dados de 2023 atualizados em 04/06/2024 às 07 horas, sujeitos à revisão.
 Dados de 2024 atualizados em 08/07/2024 às 03 horas, sujeitos à revisão.
 * Dados disponibilizados no TABNET em julho de 2024.
 
